1
845 3 0
1
357 4 0
1
460 4 2
1
431 3 2
1
571 4 1
1
802 4 0
1
428 3 3
1
144 2 5
1
111 2 5
1
969 3 8
1
534 1 1
1
887 3 2
1
753 3 9
1
837 3 13
1
294 2 0
1
662 2 3
1
960 2 6
1
951 1 3
1
600 1 10
1
701 3 9
1
326 5 8
1
862 5 19
1
314 5 18
1
368 4 2
1
411 1 21
1
687 4 17
1
746 3 11
3
1
855 2 13
1
348 2 13
1
131 1 3
1
133 1 3
1
675 4 7
1
943 4 2
1
984 1 14
1
891 2 30
1
838 4 15
1
277 5 27
1
727 2 24
1
515 3 14
1
655 3 31
1
989 4 40
1
541 1 7
1
874 1 27
1
986 2 3
1
321 2 9
1
253 5 30
1
509 2 12
1
547 1 4
1
974 4 29
1
524 1 46
1
148 4 47
1
169 4 1
1
695 1 17
3
1
689 1 27
1
649 2 18
1
481 2 11
1
157 4 32
1
856 3 53
1
936 5 0
1
866 1 11
1
378 3 2
1
273 2 59
1
977 2 19
1
434 5 0
1
880 5 19
1
192 2 58
1
819 1 57
1
965 1 26
1
992 5 54
1
771 5 52
1
968 3 61
1
679 3 59
1
465 4 0
1
435 3 25
1
202 5 3
1
632 4 41
1
261 5 39
1
295 2 39
1
581 2 21
5 139
1
678 3 19
1
260 3 3
1
808 3 32
1
101 1 45
1
751 5 0
1
574 1 20
1
184 3 7
1
497 4 28
1
731 4 35
3
5 35
0
