1
653 1 0
1
166 6 0
1
971 4 0
1
895 2 2
1
687 6 0
1
806 1 3
1
540 6 5
1
397 4 6
1
330 3 1
1
494 3 6
1
122 4 8
1
640 5 5
1
321 6 9
1
134 3 11
2 640
1
234 5 7
1
412 5 14
1
987 1 12
1
753 3 10
1
303 2 0
1
187 1 16
1
524 4 6
1
953 2 16
1
167 2 18
1
146 7 22
1
956 5 23
1
342 2 1
1
384 3 10
5 70
1
728 5 3
1
889 7 11
1
911 6 7
1
615 3 13
1
261 3 8
1
576 5 12
1
103 5 5
1
690 5 4
1
150 3 15
1
178 4 19
1
621 6 3
1
628 1 16
1
395 6 7
4 178
1
284 5 17
1
364 5 0
1
356 4 21
1
312 4 19
1
181 3 5
1
763 2 0
3
5 103
0
