1
804 2 0
3
1
286 2 1
1
525 6 2
1
244 1 1
1
338 4 4
1
617 3 2
3
1
774 1 3
1
911 4 5
1
498 4 3
1
756 8 8
1
124 8 6
3
1
961 3 7
1
130 2 9
1
777 4 0
1
245 7 14
1
697 7 15
3
1
143 2 15
1
298 8 4
1
936 2 13
1
705 7 9
1
514 1 5
4 286
1
447 1 9
1
754 8 15
1
810 7 9
1
998 7 15
1
178 1 17
5 12
1
730 1 14
1
209 7 18
1
332 1 22
1
365 3 13
1
210 8 13
3
1
492 6 8
1
981 2 2
1
223 6 9
1
881 8 6
1
752 8 21
3
1
716 3 25
1
933 4 30
1
566 2 10
1
418 2 20
1
879 6 8
5 122
1
704 8 9
1
836 4 11
1
421 7 10
1
735 5 7
1
749 1 16
3
1
156 2 18
1
164 4 0
1
205 6 5
1
523 4 5
1
293 5 21
3
1
669 6 24
1
604 4 25
1
179 3 27
1
858 8 24
1
968 7 30
3
1
714 2 31
1
825 1 23
3
5 120
0
