1
856 3 0
1
810 3 1
1
431 1 0
1
849 2 0
1
955 1 4
1
603 1 3
1
865 2 1
1
476 1 2
1
724 3 1
1
164 1 9
1
976 1 8
1
864 1 3
1
171 2 7
1
138 3 9
1
713 1 7
1
688 1 7
1
614 2 8
1
590 1 17
1
847 1 18
1
137 1 4
1
344 3 2
1
347 3 2
1
400 1 12
1
317 3 21
1
253 3 23
1
490 2 25
1
352 3 13
1
122 1 3
1
709 2 22
1
332 1 11
1
646 3 11
1
812 2 30
1
641 3 25
1
716 2 4
1
765 2 2
1
414 3 31
1
629 3 25
1
345 2 6
1
140 2 30
1
235 1 30
1
435 2 23
1
791 2 29
1
673 1 12
1
888 3 28
1
573 3 6
1
910 1 27
1
537 1 35
1
531 1 33
1
292 2 19
1
209 3 16
1
128 3 29
1
805 1 40
1
281 1 41
4 614
1
342 2 28
1
291 1 12
1
124 1 15
1
270 1 2
1
276 2 25
1
427 3 39
1
521 1 17
1
250 2 30
1
648 1 17
1
110 2 61
1
831 2 30
1
948 1 47
1
315 2 35
1
366 3 51
1
871 3 32
1
191 2 54
1
924 2 55
1
143 2 31
1
204 3 21
1
167 3 31
1
990 1 39
1
341 1 16
1
661 3 5
1
574 2 59
1
744 1 23
1
481 3 4
1
923 1 30
1
726 2 1
1
891 3 2
1
600 1 41
1
236 3 54
1
968 3 61
1
714 2 48
1
354 2 54
1
694 2 31
1
809 2 26
1
658 1 29
1
945 2 82
1
169 3 31
1
958 3 19
1
207 1 77
1
687 2 89
1
949 2 28
1
946 1 21
1
612 3 57
1
790 1 4
1
149 2 80
1
447 2 2
1
351 2 57
1
766 2 22
1
499 1 100
1
581 2 84
2 427
1
145 1 43
1
967 1 50
1
983 3 15
1
615 2 72
1
189 1 39
1
965 3 83
1
894 1 36
1
523 3 18
1
178 3 52
1
769 3 34
1
602 2 43
1
613 3 18
1
301 3 102
1
651 3 14
1
363 3 75
1
660 2 54
1
283 2 73
1
369 2 29
1
820 2 74
1
566 2 69
1
392 2 34
1
331 1 71
1
836 1 110
1
411 3 87
1
427 1 18
1
275 3 44
1
975 3 29
1
239 1 105
1
727 3 35
1
987 1 63
1
202 1 118
1
328 3 134
1
952 3 6
1
608 2 53
1
686 1 59
1
220 2 11
1
885 1 45
1
432 3 99
1
563 2 95
1
741 3 40
1
906 1 35
1
340 2 86
1
640 2 0
1
853 3 57
1
199 3 99
1
389 1 111
1
306 2 123
1
484 1 19
1
141 1 84
1
913 2 108
1
280 1 28
1
678 1 69
2 615
1
816 1 127
1
936 1 14
1
430 3 28
1
905 1 9
1
262 2 30
1
585 1 93
1
402 1 73
1
647 3 94
1
378 1 34
1
898 1 97
1
973 2 107
1
733 2 125
1
756 1 104
1
410 3 104
1
870 2 9
1
530 1 152
1
833 3 37
3
5 30
0
