1
551 1 0
1
895 1 0
1
462 1 1
1
131 1 3
1
673 2 4
1
677 1 1
1
858 1 6
1
757 2 6
1
343 1 6
1
287 1 4
1
718 1 2
1
640 2 2
1
896 1 2
1
617 2 3
1
532 1 8
1
270 1 11
1
707 2 4
1
401 1 2
1
332 1 14
1
283 1 3
1
945 2 12
1
463 1 4
1
221 2 6
1
933 2 21
1
543 1 11
1
388 1 23
1
101 2 13
1
957 2 16
1
575 2 12
1
986 1 17
1
666 1 2
1
681 1 5
1
932 1 29
1
535 2 14
1
712 2 23
1
342 1 18
1
139 2 26
1
844 2 2
1
829 2 10
1
888 2 36
1
446 1 31
1
358 1 12
1
580 2 39
1
962 2 14
1
667 2 33
1
966 1 20
1
468 1 40
5 16
1
907 2 7
1
977 1 3
1
928 1 12
1
137 1 5
1
643 2 4
1
225 1 18
1
126 1 10
1
119 2 16
1
701 1 21
1
590 1 25
1
721 2 8
1
724 2 26
1
280 2 3
1
641 2 18
1
440 1 18
1
402 1 7
1
853 1 12
1
609 2 30
1
525 1 21
1
268 2 13
1
313 2 4
1
998 2 37
1
166 1 37
1
336 1 29
1
161 2 7
1
441 2 20
1
274 1 36
1
818 2 10
1
427 2 4
1
793 1 36
1
132 1 14
1
106 1 46
1
638 1 30
1
175 1 6
1
523 2 34
1
700 1 56
1
136 1 53
1
670 1 31
1
452 2 9
1
748 2 47
1
758 1 50
1
149 2 47
1
447 2 33
1
635 2 7
1
213 2 9
1
367 1 17
5 4
1
517 2 39
1
752 2 28
1
438 1 23
1
409 1 8
1
265 2 1
1
916 2 65
1
655 2 20
1
909 1 26
1
839 1 52
1
714 1 19
1
475 1 63
1
124 2 61
1
539 2 20
1
679 2 29
1
128 2 10
1
121 2 74
1
236 2 48
1
766 1 38
1
429 2 70
1
482 2 40
1
742 2 72
1
302 1 56
1
922 2 45
1
941 2 4
1
386 2 62
1
930 2 59
1
910 1 71
1
860 2 37
1
555 1 61
1
697 1 88
1
938 1 51
1
261 1 78
1
772 2 56
1
244 2 15
1
112 2 27
1
715 1 70
1
628 1 26
1
346 1 6
1
671 2 8
1
668 2 10
1
192 2 54
1
947 1 23
1
824 1 72
1
108 1 42
1
605 1 97
1
685 1 55
5 14
1
891 2 5
1
734 1 20
1
116 1 13
1
178 2 45
1
798 2 18
1
723 2 41
1
143 1 24
1
616 2 24
1
893 1 44
1
413 2 48
1
854 2 29
1
951 2 57
1
569 1 25
1
680 2 33
1
593 2 57
1
349 2 17
1
239 1 1
1
455 2 66
1
810 2 43
1
574 2 8
1
639 1 12
1
728 1 35
1
820 2 30
1
266 2 67
1
184 2 27
1
967 1 44
1
960 1 18
1
760 1 8
1
193 2 30
1
870 1 16
1
594 1 43
1
618 2 79
1
946 2 83
1
629 2 30
1
801 1 70
1
788 1 42
1
314 2 73
1
374 1 58
1
682 2 21
1
900 1 56
1
528 1 49
1
310 1 72
1
102 1 63
1
168 2 85
1
115 1 24
1
691 1 22
3
1
657 1 52
1
805 1 60
1
940 1 75
1
454 1 10
1
449 1 90
1
596 2 24
1
204 2 17
1
588 1 82
1
651 1 68
1
194 2 102
1
710 1 8
1
637 2 89
1
873 2 60
1
822 2 39
1
630 2 28
1
144 2 83
1
583 1 10
1
341 1 105
1
516 1 80
1
899 2 37
1
269 1 12
1
307 2 38
1
544 1 52
1
484 2 117
1
199 1 69
1
624 2 34
1
971 2 37
1
282 2 64
1
392 1 0
1
519 2 119
1
465 1 29
1
445 1 53
1
785 2 8
1
432 2 98
1
433 1 119
1
278 1 130
1
615 2 94
1
741 1 7
1
676 2 42
1
206 2 81
1
157 1 31
1
546 1 76
1
952 2 78
1
719 2 134
1
335 1 20
3
5 10
0
