1
898 1 0
1
571 1 0
1
783 2 0
1
800 1 1
1
105 1 2
1
478 1 1
1
313 2 2
1
298 1 2
1
553 2 8
1
623 2 1
1
830 1 6
1
473 2 9
1
304 2 10
1
762 2 3
1
756 1 0
1
482 2 15
1
334 1 15
1
661 2 12
1
573 2 3
1
211 2 17
1
500 1 17
1
165 1 21
1
256 1 11
1
633 1 5
1
235 1 4
1
432 1 9
1
443 1 14
1
389 1 21
1
950 1 25
1
952 2 22
1
131 1 20
1
537 1 23
1
794 2 14
1
353 1 3
1
655 2 20
1
854 2 34
1
606 2 21
1
219 2 31
1
261 1 2
1
360 1 13
1
374 1 39
1
466 2 11
1
598 2 37
4 211
1
254 1 38
1
812 2 39
1
804 2 39
1
600 1 1
1
415 1 44
1
717 1 38
1
711 1 1
1
626 1 26
1
921 2 18
1
221 2 25
1
585 1 31
1
270 2 37
1
570 1 4
1
912 2 29
1
107 2 15
1
314 2 24
1
940 1 21
1
441 2 13
1
876 1 45
1
173 1 35
1
241 1 58
1
637 1 56
1
728 1 50
1
236 1 64
1
452 1 44
1
115 2 57
1
869 2 31
1
599 1 37
1
213 1 40
1
730 2 34
1
568 2 35
1
956 2 30
1
387 2 18
1
410 1 76
1
521 1 22
1
776 2 21
1
554 1 17
1
488 1 3
1
889 2 29
1
922 2 17
1
250 2 83
1
848 1 66
5 30
1
212 2 11
1
615 1 9
1
427 1 54
1
319 1 49
1
338 2 36
1
331 2 48
1
264 2 47
1
425 2 33
1
930 2 36
1
152 2 11
1
231 2 50
1
750 1 74
1
433 1 57
1
501 2 25
1
371 1 60
1
394 2 18
1
974 1 12
1
496 2 28
1
639 2 81
1
572 2 73
1
325 1 38
1
670 1 2
3
5 128
0
