4
74 63 51 75
4
30 78 70 61
1
42 35 10 100
3
38 75 65 58
6
21 27 74 14
6
72 85 65 90
1
47 73 46 100
3
35 28 19 52
1
33 65 25 4
2
79 11 77 13
6
83 6 79 50
3
88 46 44 72
3
37 91 55 25
5
90 96
4
77 40 18 96
6
36 37 2 7
3
10 77 23 77
2
-62 98 1 58
6
96 91 1 57
3
48 72 39 18
5
-31 55
4
27 24 99 2
1
96 81 -12 26
2
40 34 79 31
3
13 10 20 76
1
73 6 14 94
5
100 39
5
17 68
1
73 45 32 74
4
93 40 75 19
5
93 82
6
85 67 60 77
6
99 34 67 95
3
10 71 30 93
3
81 96 88 65
3
57 66 0 89
6
18 86 4 5
5
95 84
5
38 37
3
0 85 31 14
4
83 93 17 52
6
39 57 9 78
4
31 52 79 23
6
65 24 23 24
6
3 34 91 43
3
33 70 13 2
3
97 79 11 80
3
7 52 18 84
2
60 27 36 59
5
53 6
5
67 93
1
1 59 2 70
1
66 84 9 17
3
25 40 39 38
1
48 24 90 41
5
19 5
4
99 55 3 57
6
10 92 17 99
4
18 75 100 29
1
17 59 77 23
4
35 98 36 5
4
67 75 57 11
3
75 29 98 67
2
93 43 87 83
5
62 57
1
41 81 71 70
6
10 37 24 37
6
6 62 72 29
2
85 55 35 91
2
40 6 88 19
0
