2
-777 163 743 603
6
995 638 589 68
6
41 504 856 68
4
898 747 476 546
4
970 264 305 21
3
90 667 548 138
2
485 921 542 120
4
427 666 269 162
1
707 602 752 129
6
894 261 322 113
4
37 932 53 557
6
169 956 916 897
4
305 670 909 588
5
569 794
4
472 648 565 857
6
601 731 40 962
4
759 901 130 189
1
886 834 808 608
1
894 641 998 627
3
244 614 -946 424
2
657 726 9 68
5
363 12
1
326 549 865 982
2
940 292 976 936
5
258 890
5
936 561
2
450 73 603 125
6
141 934 871 820
3
244 382 350 796
3
323 549 873 94
2
424 694 977 632
2
354 450 525 382
1
787 148 12 918
6
691 65 663 27
2
37 836 61 404
5
717 385
5
483 85
6
714 287 381 956
1
371 406 990 201
5
400 245
3
315 52 632 91
1
438 843 594 480
3
649 941 851 862
5
305 763
3
104 33 990 155
2
611 384 260 530
6
408 221 953 734
5
894 983
4
218 386 843 249
4
956 791 54 233
4
431 730 97 260
4
726 653 566 746
2
292 892 943 297
2
705 561 754 231
1
109 638 829 582
1
845 385 74 546
3
47 948 889 585
5
458 123
6
605 712 506 -964
5
160 253
6
683 818 129 766
4
619 646 672 344
4
682 568 687 140
1
752 525 733 760
2
532 161 728 474
3
938 378 395 249
4
512 986 595 229
6
845 800 705 976
4
553 647 903 577
4
285 520 435 550
4
72 612 506 259
6
543 544 240 346
1
484 152 550 126
1
18 692 461 108
4
659 461 757 848
6
475 368 565 45
3
129 977 540 712
4
0 705 321 171
1
532 377 39 873
4
328 764 64 110
5
106 874
3
365 462 791 667
6
1 1001 1 1000
2
794 720 507 249
6
990 551 279 732
4
629 482 226 362
2
131 366 761 744
5
685 377
1
594 4 534 109
6
62 568 699 70
1
-319 694 836 846
3
336 424 798 265
3
693 329 311 645
1
573 850 140 688
4
914 145 595 948
2
443 287 564 564
3
662 137 689 128
5
847 858
2
-902 999 643 557
4
978 943 717 955
0
